497
19
526
16383
16383
16383
16383
16383
514
3
532
46
510
16383
16383
16383
52
548
516
538
30
16383
16383
16383
68
36
532
553
570
16383
16383
16383
52
569
90
554
589
16383
16383
16383
582
598
74
109
573
16383
16383
16383
612
118
582
603
93
16383
16383
16383
132
596
102
632
619
16383
16383
16383
628
116
152
616
650
16383
16383
16383
648
136
664
170
634
16383
16383
16383
663
184
680
648
154
16383
16383
16383
693
200
168
664
683
16383
16383
16383
689
706
213
677
184
16383
16383
16383
226
690
724
197
711
16383
16383
16383
210
244
708
725
742
16383
16383
16383
228
262
726
761
751
16383
16383
16383
771
758
246
281
745
16383
16383
16383
291
755
777
265
795
16383
16383
16383
786
275
315
779
815
16383
16383
16383
819
808
299
335
799
16383
16383
16383
339
803
820
319
847
16383
16383
16383
323
837
367
863
831
16383
16383
16383
858
876
383
351
847
16383
16383
16383
887
396
860
879
367
16383
16383
16383
882
407
871
380
908
16383
16383
16383
391
923
428
892
910
16383
16383
16383
913
930
443
907
412
16383
16383
16383
450
914
953
938
427
16383
16383
16383
434
948
473
969
937
16383
16383
16383
977
965
489
457
953
16383
16383
16383
961
984
473
16383
16383
16383
16383
16383
1
514
1018
30
1007
16383
16383
16383
18
498
36
1016
1033
538
1002
14
52
20
1032
553
1049
1017
42
522
36
1062
1047
57
569
537
1033
74
1058
582
1046
73
553
58
1083
93
1074
86
566
102
603
1099
1067
77
1108
116
86
107
619
587
1083
1100
628
1092
100
1128
136
123
1115
603
132
612
1143
648
1112
120
154
1135
1142
663
1127
152
632
168
138
1163
1169
1154
167
647
184
152
683
1147
689
1153
1173
197
1191
168
187
667
193
673
210
1205
181
711
1175
1198
194
228
725
1189
215
695
1208
1231
212
229
709
1222
1238
246
751
1215
758
1222
230
1257
265
1245
255
735
1266
275
262
742
777
1241
249
1262
786
1250
1267
259
1288
281
761
299
290
770
1300
1285
808
1272
283
319
323
820
1284
1317
312
792
1305
303
1315
307
324
804
837
1301
1338
351
341
821
1336
858
1322
1359
367
335
1362
362
842
1356
380
879
1343
351
882
1346
1364
391
364
1390
383
863
1393
386
866
375
412
1389
910
1374
913
1377
1395
1418
427
396
414
894
417
897
434
1428
1415
938
1402
411
1426
418
948
1412
1445
457
442
922
452
1444
932
965
1429
1464
473
441
481
1458
469
949
984
1448
457
1487
465
1479
488
968
1471
16383
16383
16383
1016
1512
522
511
1503
16383
16383
16383
1527
520
1032
1000
1496
1513
537
506
1538
1047
1511
536
1016
553
521
1533
1058
1554
1522
1542
566
551
1031
537
562
1074
1042
1538
1556
550
587
1580
578
1058
1574
1595
603
571
1100
1564
612
1591
1115
1579
587
604
1084
1615
1603
596
1622
632
619
1099
1135
1599
1634
1142
1606
647
616
1626
639
1119
1154
1618
1635
1653
646
1126
631
667
673
658
1138
1173
1637
651
1660
1678
1665
657
677
1157
695
1688
1198
1662
709
1702
679
1208
1672
702
1182
1695
693
1222
1686
712
1192
1708
1725
735
1716
726
1206
742
1245
1709
1742
719
1731
1747
726
761
749
1229
1262
1726
770
1267
1731
1749
1765
745
766
1246
754
771
1251
1285
1749
792
1785
1775
1795
804
789
1269
776
1305
1769
1790
1315
1779
788
821
1800
1816
809
1289
1809
819
1299
805
1336
1800
842
1836
1828
1844
840
1320
826
1356
1820
863
866
1364
1828
860
1340
1869
1855
847
850
1875
868
1348
1389
1853
1870
894
897
1395
1859
1876
1895
893
1373
878
881
1906
899
1379
1415
1879
922
1900
1426
1890
1924
932
919
1399
906
1919
930
1410
1938
1444
1908
916
949
1929
1938
1458
1922
948
1428
933
1959
968
962
1442
1479
1943
952
1961
1983
991
1969
983
1463
1967
975
16383
16383
16383
1989
1016
1513
2013
1007
16383
16383
16383
2022
1031
1000
1017
1497
1533
1997
2015
1042
2036
1542
2006
1015
2026
1037
1517
2033
1058
1026
1556
2020
1046
1526
2054
1042
1060
1540
1574
2038
2071
1084
2062
2083
1078
1558
1591
2055
2074
1099
1068
1603
2067
1095
1575
2089
2106
1083
1119
1107
1587
2115
2102
1126
1626
2090
1103
1138
1635
2099
1110
2119
1130
1610
2140
2145
1122
1139
1619
1157
2136
1660
2124
1665
2129
1141
2152
1164
1644
1182
2175
1169
1649
1192
2171
2188
1166
1695
2159
2196
1206
1176
2186
1708
2172
1199
1679
2194
2211
1716
2180
1190
1212
1692
1229
1731
2195
1220
2212
1700
2229
1213
1246
2225
1235
1715
1251
1749
2213
1230
2255
1235
1253
1733
1269
2253
2270
1775
2239
1253
2280
2265
1289
1790
2254
1279
1759
2289
1299
1800
2264
1273
2282
1294
1774
1809
2273
1283
2308
1304
1784
1320
2303
1313
1793
1828
2292
2312
1304
1340
2335
1332
1812
1348
1324
2334
2350
1855
2319
2339
2356
1332
1373
1870
2334
1359
1839
1379
1876
2340
2362
2380
1357
1374
1854
1363
1380
1860
2375
1399
1900
2364
2399
2386
1410
1383
2409
1404
1884
1919
2383
2418
1394
1428
1929
2393
2414
1423
1903
1938
1442
2402
1412
1433
1913
2441
2428
2449
1442
1922
1426
1463
1961
2425
2445
1969
2433
2469
1447
2456
1465
1945
1487
1473
1953
2468
2453
1471
16383
16383
16383
1493
2490
2506
1517
2015
16383
16383
16383
2513
1526
2504
2026
2490
1501
1519
1999
2033
2497
1540
1510
1530
2522
2010
2542
1537
2017
1524
1558
2554
2539
2062
2526
1542
2551
1575
2569
2074
2538
1566
2046
2562
1587
2582
1559
2089
2553
1578
2058
1571
2102
2566
2599
1593
2585
2073
1610
2593
1619
1606
2086
2119
2583
2616
1594
1603
1623
2103
2136
2632
2600
2617
1644
1649
2626
1640
2152
2120
2616
2651
1628
2641
1633
1656
2136
2666
2171
2635
1679
2674
2659
2186
2650
1675
2155
1692
1663
2194
2658
2676
2692
1700
1690
2170
1676
2705
1698
2178
1715
2212
2676
1684
2700
2225
2689
1699
1716
2196
2709
1733
2733
1729
2209
1717
2745
2733
2253
2717
1759
2265
2729
2762
1757
2749
2237
1774
1743
2758
1784
1769
2249
2282
2746
1758
2783
1793
2774
2792
1768
1786
2266
2303
2767
1777
1812
2312
2776
2797
2814
1807
2287
2819
1796
1816
2808
2296
2334
2798
1839
2817
2339
2803
2842
1838
2318
1854
1823
1843
2323
2836
1860
2855
2362
2826
1838
2850
2866
1844
2375
2839
1866
2346
1884
2386
2850
1879
2359
1868
2894
2879
1903
1890
2370
2883
1913
2908
2414
2878
1887
1922
1897
2906
2428
2892
2925
1918
2398
1906
2920
2936
1945
1932
2412
2445
2909
1953
2930
2948
2456
2920
1929
1949
2429
1937
2468
2932
2949
1973
1960
2440
2970
1972
2452
1957
2954
2975
16383
16383
16383
2982
2504
1994
3002
2010
16383
16383
16383
2017
2998
2008
2488
2522
2986
1994
3019
2001
3031
2026
2506
2539
3003
3021
2046
3042
2551
3015
3032
2058
2043
2523
2030
3042
2562
3026
2055
2535
3065
2073
2042
3073
2066
2546
2086
2585
3049
2057
3069
2593
3057
3078
2070
2103
2089
2569
3097
2097
2577
3106
2087
2120
3097
2617
3081
3121
2626
3090
2136
2104
2121
2601
3118
2641
3105
2130
2610
3139
2120
3130
2155
2145
2625
2659
3123
3156
2170
3147
2139
2178
2163
2643
2676
3140
3161
2154
3180
3169
2162
2180
2660
2196
3189
2700
3164
2209
2180
2709
3173
3190
2204
2684
3213
3201
2193
2213
2693
2733
3229
2237
3197
3218
3238
2249
2237
2749
2717
3213
2221
2758
3254
3222
2233
2266
2253
3245
2733
3250
2262
2774
2742
3238
2250
3277
2287
2278
2758
3271
3288
2296
2797
3261
2271
3297
3287
2808
3272
2280
2301
2781
2318
3297
2817
3281
2323
3316
2312
2792
2302
2321
2801
3330
2307
2836
3300
3321
2346
2850
3314
2340
2820
3333
2359
2330
3359
2354
2834
2370
3363
2343
3353
2879
3343
2354
2883
3347
3367
3386
2398
2383
2863
2387
2867
3400
3386
2906
3370
2412
2382
3410
3399
2920
3384
2410
2890
2396
2429
2930
3394
3411
3429
2424
2904
2440
2413
2434
2914
2452
2949
3413
2424
3433
3455
3441
2436
2453
2933
3462
2474
2975
3439
3446
2458
3470
2479
2959
16383
16383
16383
3477
2486
2998
2506
3501
16383
16383
16383
3493
2502
2982
3512
2490
2523
3021
3485
3522
2535
3032
3496
2507
3516
2525
3005
3042
2546
3506
2519
2536
3016
3532
3549
2546
3026
2530
3540
3558
2569
3069
3533
2577
3078
3542
3577
2553
2573
3565
3053
2561
2582
3574
3062
3097
2601
3561
3598
3586
2610
2601
3081
2585
3610
3118
3582
2625
2594
3130
3594
3627
3612
2622
3102
2609
2643
3624
3641
2634
3114
3147
3611
3649
2627
2660
3639
3161
3625
2651
3131
3169
3633
2644
3670
2665
3145
2684
3663
2673
3153
3681
2693
3190
3654
3673
2668
3201
3665
3698
2677
2694
3174
3692
2717
2705
3185
3218
3682
3725
2733
2701
3710
2722
3202
3730
3717
2742
3245
3709
2717
3250
3714
2758
2726
3751
3739
2749
3229
2754
3234
3750
2742
3271
3767
3735
2781
3777
3766
2775
3287
3255
3751
2792
2765
3297
2801
3761
2791
3271
2776
3801
3787
2801
3281
2785
2820
3813
3321
3785
3802
2834
2804
3333
3797
2825
3305
3833
3821
3826
2818
2837
3317
3847
3353
3817
2863
2867
3367
3831
2857
3337
3866
3854
2847
2851
2871
3351
3879
3386
2890
3850
3868
3891
3878
3399
3863
2904
2890
3370
2874
2914
3411
3875
2903
3383
2888
3913
3903
3921
2898
2915
3395
2933
3433
3897
3917
3441
3905
3923
2917
2937
3417
3950
2959
2945
3425
3957
2966
3470
3934
3951
2943
3941
2950
3960
2974
3454
16383
16383
16383
2981
3493
3996
3005
3982
16383
16383
16383
2997
3989
3477
3016
3516
4012
3980
2989
3026
4020
4007
3000
3020
3532
3500
3996
3010
3540
4004
4024
3036
3516
4045
3053
3044
3524
4054
3062
4045
3565
4029
3037
4066
3574
4038
3046
4057
3081
3069
3549
3586
4050
3078
4070
3558
3065
4092
3102
4081
3090
3570
4104
3114
3612
4076
3086
4119
4104
3624
4088
3098
3131
3116
3596
4118
3639
4103
3128
3608
3145
3115
4143
3153
3143
3623
4153
3129
4139
3663
4127
4145
3137
3174
3673
4137
4172
3167
3647
3185
4164
3158
3177
3657
3692
4156
4190
3169
3202
4197
4183
3196
3676
3710
4174
3186
3717
4181
4198
4219
3229
3214
3694
3234
3221
3701
4230
3739
4203
4220
3213
3218
3750
4246
4214
3255
4234
3243
3723
3254
3766
3734
4230
3271
3239
4267
4253
3281
4258
3270
3750
3255
4282
3787
4251
3265
4276
3305
3802
4266
3291
3771
4301
4306
3317
3289
3306
3786
4301
3821
4285
4305
3826
4290
3301
3337
3325
3805
4334
3330
3810
3351
3321
4348
4334
3854
4318
4358
3335
4344
3370
3868
4332
3358
3838
3878
4342
3383
4360
3354
3372
3852
4383
3395
4372
3382
3862
3367
4397
3903
4367
4387
4403
3379
3417
3917
4381
3407
3887
3425
3923
4387
3401
3421
4413
3901
4431
3409
3427
3907
4422
4440
3454
3951
4415
3461
3960
4424
4462
3438
3455
4447
3935
3445
3464
3944
4446
4463
16383
16383
16383
3989
4471
4487
3500
3486
16383
16383
16383
3493
4485
3973
4007
4471
4504
3516
3484
4497
3524
3511
3991
4024
4488
3500
4525
3508
3528
4008
4537
4523
4045
3549
4509
4550
3558
4057
4521
4540
3549
4029
3533
4545
4561
3570
4070
4534
3542
3561
4041
4081
4545
3554
3574
4054
4584
4570
3596
3585
4065
4598
4584
4104
3608
4568
3580
4118
4582
3623
3608
4088
3592
4601
4619
4625
3622
4102
3607
4139
4603
4623
3647
4145
4609
4644
3657
3643
4123
4638
3631
3649
4129
4164
4628
4663
4649
3641
3676
3668
4148
4678
4183
4647
4667
3660
3694
3701
4198
4662
3687
4167
4700
4685
3678
3685
3702
4182
4696
4714
3723
4220
4684
4707
3734
4234
4698
3707
3724
4204
4733
4738
3750
3718
3738
4218
4253
4717
4734
4738
4258
4722
4756
3734
3771
3757
4237
3762
4242
4276
4740
4761
3786
3755
4781
4785
3780
4772
4260
3770
4301
3805
4765
4305
4769
3810
4790
3805
4285
3789
4814
3809
4289
3794
4824
4810
4334
3838
4798
4823
4344
4840
4808
3852
3838
4318
3822
4852
3862
3848
4360
4328
4824
4841
3836
4849
4867
4372
4836
3846
3864
4344
3887
4867
4387
4851
3876
4356
4893
3901
3871
3891
4883
4371
3907
4902
4413
4877
3885
3891
4422
4886
4903
3917
4397
4927
3935
3926
4406
3944
4923
4447
4943
4911
3919
4931
4951
3928
3966
3951
4463
4431
4927
4946
4935
3950
3967
4447
16383
16383
16383
4977
4485
3975
3991
4969
16383
16383
16383
4497
4961
3989
4469
3975
4008
5003
4990
4001
4481
3992
5003
4523
4987
5020
4029
5025
4041
5018
4027
4507
4540
5004
4013
4545
5009
5028
4054
4025
5050
4044
4524
4049
4529
4065
4038
5047
5064
4570
5034
5057
4049
4584
4088
5048
5081
4074
4554
4102
4088
5080
4568
4072
4601
5065
5103
4086
4105
4585
4123
5100
5118
4623
5087
4129
5107
5129
4107
4638
5102
4127
4607
4113
4148
5128
4649
5113
5147
4142
4622
4132
5141
4167
4153
4633
4667
5131
5165
4182
4151
5176
4171
4651
4685
5149
5166
5187
4166
4696
5160
5180
4204
4189
4669
4707
5171
4200
4680
5194
4218
4188
5214
5218
4211
4691
5209
4202
4237
4734
5198
5218
4738
4242
5202
5241
4221
4238
4718
4242
4722
4226
5252
4260
4761
5225
5246
4772
5236
4244
5270
4265
4745
5259
4285
4289
4276
4756
4790
5254
5290
4269
5278
4273
4294
4774
5303
4810
5274
4318
5295
4823
5287
4328
5321
4314
4794
5310
4302
5329
5316
4327
4807
4344
4312
4841
5305
4849
5313
5347
4356
4328
4345
5337
4825
4353
4833
4867
5363
4371
5331
4340
5359
4371
5363
4883
4851
5347
4355
5383
4397
5377
4387
4867
4406
4903
5367
5403
4381
5411
5396
4390
4407
4887
4923
5387
4431
5410
5426
4931
5395
4427
4907
4447
4415
4946
5410
4435
5427
4915
4455
5449
4431
4450
4930
5447
4439
5433
16383
16383
16383
4481
4473
5466
5483
4990
16383
16383
16383
4465
5474
5498
5003
4507
5467
4494
4974
5492
5508
5018
5482
4507
4987
4491
4524
4529
5028
5492
5511
5527
4522
5002
4508
5537
4513
4532
5012
5047
5511
4554
5533
5057
5521
4551
5031
5560
4568
5545
4538
4561
5041
5558
5080
5544
4552
4585
5580
5587
4584
5064
4569
5100
5564
5582
4607
5107
5571
5591
5608
4604
5084
4622
4591
4611
5091
5621
5128
5592
4633
4606
5615
5141
5605
4632
5112
4617
4651
5630
5646
4645
5125
4635
5660
4669
5166
5630
5647
5650
4680
5674
5180
5644
4653
4670
5150
4691
5668
4664
5689
5194
5658
4684
5164
5698
5683
4675
5209
5673
4698
5178
4718
5218
4722
5682
4713
5193
5707
5726
4702
4722
5202
4706
5715
4745
5739
5246
5710
4756
4729
5259
5723
5741
4750
5230
5758
5746
4740
4774
4763
5243
5278
5742
5775
4758
4794
4782
5262
5790
5775
5295
5759
5796
4807
4778
5310
5774
4799
5791
5279
5316
5780
4791
5817
4825
5805
4814
5294
4833
4820
5300
5337
5801
4809
5821
5839
4817
5843
4851
4841
5321
5837
5359
5823
5857
5363
4867
5827
4835
5851
4863
5343
5377
5841
5858
4867
5347
4851
5876
4887
4881
5873
5361
5890
5396
5860
4871
4907
5410
5874
5907
4915
4900
5380
4891
5903
4914
5394
4930
5427
5891
4899
5927
5917
5922
4914
4931
5411
5447
5911
4953
5946
5941
4951
5431
4937
5930
16383
16383
16383
5954
5474
5972
4970
4987
16383
16383
16383
5969
4978
5458
5492
5956
5991
5002
4971
4996
5476
5012
5990
5511
5975
4986
6013
6004
4996
5015
5495
5031
6025
5533
5997
5041
6038
5015
5545
6009
6027
5037
5517
5025
6036
5558
6022
5064
5049
5529
6062
6049
5062
5542
6071
5048
5084
5582
6046
6065
5091
5591
6055
5068
5086
5566
6095
5075
5095
5575
5112
6110
6095
5615
6079
5125
6104
5096
5630
6094
5119
5599
6127
6113
6130
5109
5134
5614
5150
5647
6111
5650
6114
6148
6137
5164
5134
5151
5631
5154
5634
6163
5668
6132
5178
6155
5148
5683
6147
5172
5652
5193
5162
6187
6175
5202
5187
5667
6195
5177
6186
5707
6171
5186
5715
6179
6200
5211
5691
6221
5230
6226
5219
5699
5243
6221
5741
6205
5214
5746
6210
6235
5227
5245
5725
5262
6255
5250
5730
6250
5246
5775
6271
5279
6239
6264
6285
5294
5279
5791
5759
6255
5263
5300
6282
5805
6301
6269
5278
5295
5775
5284
6294
5321
5309
5821
5789
6317
6285
6308
5305
6331
5325
5837
5805
6301
5343
6338
5347
6326
5851
6315
5341
5821
5327
6337
6353
5361
5858
6322
5331
5355
5835
5873
6337
5345
5362
6354
5842
5380
6383
5377
5857
5394
5364
6397
6383
5903
6367
6385
6402
5378
5411
5917
6381
5407
5887
5922
6386
5395
6405
6421
5431
5421
5901
5426
5906
6434
5941
6405
5415
6424
5450
6418
5445
5925
5434
6446
16383
16383
16383
5969
5458
6452
5476
6470
16383
16383
16383
5473
5953
6466
6484
5460
5990
6454
5495
6481
6004
6468
5494
5974
5479
6507
5517
5508
5988
6516
6503
5529
6027
6491
5501
6529
6036
6500
5542
5513
5531
6523
6011
6049
6545
6513
5540
6020
5526
6541
5566
5553
6065
6033
6529
5575
6558
5550
6575
5569
6049
6563
5559
6584
6095
5599
6559
6593
6580
6104
6568
5614
5599
6079
5583
6113
6577
6597
5608
6088
6617
5598
5631
5617
6097
5634
6137
6601
6635
6622
5615
5618
5652
6631
5641
6121
6155
6619
6655
5667
5636
6666
5659
6139
6653
6175
6639
5651
6661
6680
6186
6650
5691
5679
6159
5699
6200
6664
5690
6170
5675
6701
6687
5683
6694
5704
6184
6715
6221
5725
6685
5730
6714
6730
6235
6699
5725
6205
5709
6721
5714
6744
6250
6714
5739
6219
5759
6264
6728
5754
6234
6762
6747
5775
5743
6774
6759
5768
6248
6282
6746
5789
5759
6788
6774
6294
6758
5786
6266
5805
5773
6308
6772
5798
6278
6806
6793
5821
5789
6817
5812
6292
6326
6790
6807
5835
5805
6337
6801
6834
5842
6819
5830
6310
5819
5841
6321
5857
6354
6818
5826
6835
6863
6865
5841
5858
6338
6853
6383
5887
6847
6385
6849
6885
6874
5901
5887
6367
5871
5889
6369
5906
6885
6405
6869
6904
5885
5890
5909
6901
6389
5925
6424
6888
6926
5938
6932
5909
5928
6408
6922
6446
6910
5922
6932
6916
5950
6430
16383
16383
16383
6961
6466
5956
6950
5974
16383
16383
16383
6481
6945
5970
6450
5988
5958
6983
6974
5985
6465
5972
6983
6503
6967
7003
6011
6020
6007
6487
7001
6523
6987
5995
7021
6033
7012
6004
6027
6507
6541
7005
7038
6049
6017
7043
7031
6045
6525
6558
7022
6033
7042
6563
7027
7060
6062
6542
6079
6067
7059
6547
6580
7044
7077
6088
6063
6097
6084
6564
6597
7061
7078
6072
7102
6081
6101
6581
7111
6121
7101
6622
7086
7109
6631
7095
6105
6139
7133
6126
6606
7141
6135
6615
7129
6123
6653
7117
6159
6661
7125
6170
6157
7149
6637
7167
6143
6165
6645
7174
7159
6184
6154
6687
7151
7173
6694
7158
6168
7194
6205
6191
6671
7201
7188
6198
6678
6714
7178
6219
6189
6721
7185
7202
6218
6698
6234
7227
6203
6225
7217
6705
7239
6248
6218
6747
7211
7238
7254
6759
7223
6232
6266
6251
6731
7252
6774
6278
7238
6263
6743
7273
6250
6292
7269
6278
6758
6262
7287
6793
7257
7299
6276
6310
6807
7271
6297
6777
7295
6321
6819
7315
7283
6294
6311
6791
7308
6305
6338
6323
6835
6803
7299
7333
7325
7330
6322
6339
6819
6853
7317
7354
6367
6369
6357
6837
7365
6874
7338
7355
6351
6353
7365
6885
7381
6389
7349
6378
6858
6389
6901
6869
7365
6373
6408
7402
7388
7412
6405
6885
6392
7402
6922
7386
6430
7412
6932
6436
7396
7430
6426
6906
6414
6436
6916
6420
7429
7414
16383
16383
16383
6465
7444
6454
7463
6974
16383
16383
16383
6449
6983
6487
7447
7481
6478
6958
7471
7492
7477
6487
6967
6471
7001
7465
6507
7492
7012
7476
7511
6505
6985
6491
6525
7522
6516
6996
7509
7031
7495
6509
6542
7521
7042
7506
7539
6547
6535
7015
6526
6546
7026
7059
7523
6531
6564
7558
7547
6563
7043
6548
6581
7078
7542
7581
7567
7589
6565
6582
7574
7062
7101
7565
6606
7586
7109
7573
6615
7609
6605
7085
6590
7602
6613
7093
6599
7129
7593
7629
6637
6645
7639
7624
6633
7113
7149
7613
6621
7653
6629
7159
7623
7642
6653
7133
6671
7668
7173
7637
7654
6678
6663
7143
6655
7682
7188
7652
6677
7157
6662
6698
7679
7697
6705
7202
7666
6692
7172
7687
6682
7217
7681
6689
6706
7186
7718
7707
6731
6721
7201
7732
7238
7702
6743
7721
6715
7252
7716
7749
6742
7222
6758
6727
7737
6756
7236
7269
7733
6742
6777
7754
7775
7763
6773
7253
6791
6761
7788
7295
7759
7779
6803
6775
7308
7772
7805
6799
7279
7810
6819
6787
6812
7292
7325
7789
7806
7810
7330
7794
6803
6837
7835
6829
7309
6834
7314
7845
6821
6858
7355
7819
7839
7365
6869
7829
6842
6859
7339
7868
7855
6869
7349
6885
6853
7864
7882
7388
7852
7892
6869
7402
6906
7866
6892
7372
7885
7412
6916
7876
7909
6906
7386
6890
7903
6916
7396
7924
6900
7429
7893
6934
7915
7908
6933
7413
6918
7931
16383
16383
16383
6948
7957
6967
7948
7471
16383
16383
16383
7972
7957
7477
7941
6951
6985
6975
7455
7492
6996
7956
6981
7461
7989
7976
6969
8001
7986
6996
7476
6980
7509
7973
7015
7521
7985
7026
7013
7493
6999
8027
8013
7025
7505
7010
7043
8027
7547
8011
8047
7027
8054
7062
8041
7051
7531
7567
8031
8066
8051
7574
8038
7046
7085
7071
7551
7586
8082
8050
7093
7078
7558
8072
7069
7090
7602
7570
8066
8083
7077
8104
7113
7106
7586
7624
8088
7097
8122
8109
7133
8134
7143
7128
8120
7608
7642
8106
7117
7157
7654
8118
7127
8137
7146
7626
8159
7172
7141
7158
7638
8167
8156
7679
8143
7186
7156
7687
8151
8171
8187
7183
7663
7201
8178
7170
7191
7671
8201
7707
8171
8193
7185
7222
7721
8217
8185
7211
7691
8209
7236
7206
7225
7737
7705
8201
8234
8243
7220
7253
8230
7241
7721
7754
8218
8243
7763
8259
8227
7237
7258
7738
7279
7267
7779
7747
8243
7292
8270
8286
7263
8290
7283
7763
7276
8285
7309
7806
8270
7810
7314
8274
7293
7310
8302
7790
8319
7314
7794
7298
8314
7339
7839
8335
8303
8321
7349
8344
7323
7343
7855
7823
8319
8338
7333
7864
8328
7372
8365
7359
7839
8354
7368
7848
7386
7356
7885
8349
8383
7396
7370
8379
8395
7389
7869
7903
8367
8388
7380
7413
7915
8411
8379
7407
7887
7428
7397
7419
7931
7899
8395
8428
8414
8419
7412
7435
7915
8412
16383
16383
16383
7957
7461
8456
7452
8447
16383
16383
16383
8466
7476
7461
7941
7445
7976
8440
8461
7986
8450
7460
7493
7480
7960
8475
8493
7505
7490
7970
7477
8507
8013
8477
8495
7489
8521
8027
7531
8491
7517
7997
8511
8531
8516
8041
8505
7531
8011
7515
7551
8051
8515
7558
8535
8552
7545
8025
7535
7570
7555
8035
8563
7542
8551
8072
8536
7586
7554
8563
8083
8547
7576
8056
8589
7570
7587
8067
8600
7608
8588
8109
8573
8120
8584
7592
8617
7626
8604
7613
8093
8613
7638
7624
8104
8137
8601
7610
8636
8629
7622
7641
8121
8651
8156
8620
7663
8658
7671
8650
8171
8635
7660
8140
7647
8673
8178
8642
8662
7655
7675
8155
7691
8193
8689
8657
7682
8162
8680
7705
7675
7697
8209
8177
8673
8710
7721
7689
8702
7713
8193
8723
8230
8694
7705
7738
8715
8243
7747
8707
8724
7734
8214
7722
8750
8737
7747
8227
7763
7731
8765
8270
8734
8753
7747
8285
8749
7774
8254
8782
7790
8769
7794
8794
7789
8269
8302
8766
7774
8801
7778
8314
8778
7806
8286
8799
7823
8321
8785
8818
7818
8298
8814
7839
7807
7825
8305
8338
8834
8802
7848
8825
7823
8833
7842
8354
8322
8818
7832
8859
7869
7858
8338
8868
8856
8379
8843
7853
7887
8388
8852
8873
7883
8363
7899
8894
7871
8899
7892
8884
8372
7915
7883
8414
8878
8419
8883
7899
8908
7932
7918
8398
8927
8913
7923
8403
7916
8911
16383
16383
16383
8935
7960
8955
8461
7951
16383
16383
16383
8945
7970
7944
8475
8939
7965
8445
8975
7954
7979
8459
8973
7997
8495
8991
8959
8996
8986
8011
7981
7999
8511
8479
8975
8516
8980
9015
8025
7995
9004
8015
8495
8035
8020
8500
8535
9031
8999
9017
8009
9043
8019
8039
8551
8519
9015
8056
9039
8563
8067
9027
8055
8535
8040
9051
9068
8067
8547
8051
8588
9084
9052
9069
8093
9075
9093
8104
8092
8604
8572
9068
8077
9090
8613
9109
9077
8088
8121
8108
8588
8117
8629
8597
9093
8105
9114
9130
8140
9122
8133
8613
9142
8650
9114
8155
8124
8162
9139
8662
9126
9160
8154
8634
8139
8177
8146
9156
8166
8646
8680
9144
9182
8193
8161
8184
8664
9195
9180
8702
9166
8177
9204
9189
8214
8715
9179
8206
8686
9217
8227
8724
9188
9205
8198
8219
8699
8737
9233
9201
8211
8228
8708
9229
8254
8241
8753
8721
9249
9217
9239
8269
8238
8257
8769
8737
9233
9261
8253
8286
9279
8273
8753
9270
8298
9294
8270
8799
9263
8305
9289
9305
8282
8814
9278
8303
8783
9313
8289
8322
8825
9289
9308
8318
8798
8833
9297
8338
8306
9316
9336
8329
8809
8337
8817
8322
8856
9320
9337
9353
8363
9364
8372
8360
8840
8873
9337
9354
8347
9361
8884
9348
8356
8377
8857
9388
8398
9393
8403
8388
8868
9388
8908
9372
8382
8913
9377
8387
9415
8412
8892
9407
8431
8417
8897
9399
9420
8415
16383
16383
16383
8945
9426
8439
8459
9453
16383
16383
16383
8449
9441
8929
9466
8443
8973
9437
8479
9465
8986
9450
9484
8477
8957
8495
8463
9474
8500
9497
8490
8970
9004
9468
8479
8484
8519
9017
9481
8508
8988
9503
9519
9507
8535
8503
8521
9001
9531
9039
9503
8547
8519
9051
9515
9549
8543
9535
9023
9555
8531
9543
8555
9035
8572
9069
9533
9554
9570
9075
9539
8588
8556
8573
9053
9090
9554
8579
9059
8597
9594
8572
9582
8594
9074
9602
8613
8581
9114
9578
9596
9122
9586
9619
9605
8597
8618
9098
8634
8626
9106
9139
9603
9620
9636
8646
8618
8643
9123
9156
9620
8630
9639
8664
9660
9651
8660
9140
9669
8648
9180
9644
8686
9666
9189
9685
9653
8699
8684
9164
8670
9683
8708
8693
9205
9173
9669
8683
9709
8721
8692
8709
9189
9719
9708
9229
9693
8737
8705
9239
9703
9724
8733
9213
9741
8753
8721
9731
9750
8743
9223
9261
9725
8737
9270
9734
9769
9755
8765
9245
8783
8774
9254
9768
9289
9753
9788
8798
8767
9796
8793
9785
9273
8809
9308
9772
8782
8817
9316
9780
9817
8793
8812
9292
9806
8801
8820
9300
9813
8840
9337
9801
9834
9841
9829
8824
8841
9321
8857
9354
9818
9361
9825
9844
8868
8841
8858
9338
9868
8865
9857
9345
8852
9388
8892
9852
9887
8897
8892
9884
9372
9900
8876
9407
9871
8881
9906
8919
9896
9420
9884
8911
9391
9890
8903
9913
8924
9404
16383
16383
16383
9441
8930
9924
9945
8957
16383
16383
16383
8945
9425
9954
9942
9465
9929
8970
8941
9474
9938
9957
8969
9449
8954
8988
9983
9969
8978
9458
9987
9001
8972
9503
9967
9507
9971
9988
8985
9007
9487
10015
9023
9011
9491
10007
10023
9035
9535
9999
9007
10034
10022
9543
10007
9019
9053
9039
9519
9554
10018
9059
9047
9527
9037
10062
10047
9058
9538
9074
9043
10076
9582
10046
10063
10065
9058
10085
9098
9596
10060
9086
9566
9106
10100
9605
10069
10088
9082
9100
9580
9090
9123
9620
10084
9109
9589
10119
10109
10131
9107
9124
9604
9140
10118
9639
10103
10129
10146
9651
10115
9124
9143
9623
9164
9666
10130
9155
10147
9635
10163
9173
9148
9170
9650
9683
10147
9189
9157
10166
10188
9187
9667
10180
9173
9708
10204
10172
9213
10211
9223
10200
9212
9724
9692
10188
9197
9731
10195
9207
10219
10235
9228
9708
9245
9235
9715
9254
10248
9755
10219
10236
9229
10241
9238
9768
10232
10265
9273
9259
9739
10263
9272
9752
9785
10249
9257
9292
10286
9300
10293
9289
9769
10283
9276
9806
10270
9284
9813
10309
10277
10297
9321
9310
9790
10324
9317
9829
9797
10293
10312
9305
9338
10337
9345
10324
9844
10308
9333
9813
9322
9857
10321
9329
9348
9828
10346
10364
9372
9361
9841
10376
9884
10348
9356
10367
9391
9896
10360
10393
10379
9388
9868
9404
9375
9410
10404
10390
9400
9880
9913
10377
9388
9394
10388
10406
9417
9897
16383
16383
16383
10417
9428
10437
9942
9449
16383
16383
16383
10449
9458
10435
9957
10421
9446
9926
9433
9969
10433
9442
10468
9461
9941
10460
9487
9473
9953
9491
9988
10452
10487
10475
9471
9475
9492
9972
10502
10007
10471
10494
9519
10022
10486
9511
9991
9527
10507
10527
9503
9538
9526
10006
9511
10522
10047
10543
10511
10545
9522
10531
9566
9551
10063
10031
10527
10065
10529
10568
10556
9580
9550
9567
10047
9569
10561
10049
9589
10088
10552
9564
10589
9604
9573
10598
9592
10072
10109
10573
10591
10609
9588
10118
10582
9623
10603
9613
10093
10129
10593
10627
9635
9622
10102
9607
10623
9633
10113
9650
10147
10611
9619
10646
10637
9634
9651
10131
9667
10660
10166
10630
10649
9651
10180
10644
9670
10150
10664
10680
9692
10674
9684
10164
10200
10664
10699
9708
9676
9715
9704
10696
10184
10219
10683
10716
9692
10721
9699
10709
9723
10203
9739
10236
10700
10241
10705
10743
9752
10730
9723
9740
10220
9745
10225
10263
10727
9736
9769
10763
10749
10753
9767
10247
10777
9753
10283
10747
9790
9797
10792
10777
10297
10761
9787
10267
9774
10804
9813
9781
10791
10312
10776
9801
10281
10804
10324
9828
10788
9797
9816
10296
10826
10817
9841
9828
10308
9812
10346
10810
10847
9825
9850
10330
10843
10859
9868
10367
10831
10850
10870
9880
10379
10843
9852
9871
10351
10390
10886
10854
9864
9897
9883
10363
10879
10897
9908
9894
10406
10374
10870
9881
10890
10881
9892
9910
10390
10903
16383
16383
16383
9921
10435
9941
10921
10940
16383
16383
16383
9953
9939
10419
9925
10935
10955
10460
10924
9937
9972
10951
10475
10939
9964
10444
10974
9956
10965
9991
9979
10459
10987
10494
10958
10006
9975
11002
10507
10971
9998
10478
10991
11011
9990
10999
10522
10986
10011
10491
10031
10531
10995
10026
10506
11036
11021
10047
10015
11041
10049
10035
10515
11034
10556
11020
10031
10561
11025
10033
11046
10072
10060
10540
11071
10065
10545
10056
11083
11068
10093
10591
11055
10102
10603
11067
10077
11086
10095
10575
11103
10113
10086
11096
10107
10587
11117
10623
11087
10097
10131
11129
11116
10637
11101
10127
10607
10115
11126
10150
11144
10649
11113
10141
10621
11154
11139
10164
10134
10664
11128
10153
10633
10674
11138
11155
10148
10168
10648
11176
10184
10178
10658
11189
10696
11160
10168
10203
11182
10709
11173
11190
10200
10680
11210
10187
10220
10225
11203
10213
10693
10730
11194
10204
11229
11233
10209
10247
10234
10714
11228
10749
11213
10753
11217
10231
11257
10267
10253
11245
10733
10257
11249
10737
11271
10777
10281
11241
10251
11284
10791
11255
10296
10281
10761
10265
11278
11297
10804
10308
11268
10295
10775
10280
11293
10817
11281
10308
10788
10292
11306
10330
11323
10321
11313
10801
11330
10314
10843
11307
10351
11330
10850
11314
10347
10827
10363
11359
10335
10354
10834
10374
11353
11370
10347
10879
11343
10390
10358
11367
11383
10890
11354
10383
10863
10401
10374
10903
11367
11401
10394
11386
10874
10385
11397
10407
10887
11385
16383
16383
16383
11415
10935
11431
10425
10444
16383
16383
16383
11445
10439
10951
10919
11415
10459
10428
11437
10965
11429
10455
10935
11449
10443
10478
11471
11459
10469
10949
11479
10491
10462
10991
11455
11476
10999
11463
10506
10475
11501
10495
10975
10515
11493
10503
10983
11514
10490
11021
11485
10499
11509
11526
11034
11498
10540
10525
11005
10545
11046
11510
10538
11018
11532
11548
10524
10529
11539
10550
11030
11068
11532
11566
10575
11576
11562
10587
10572
11052
11086
11550
10559
11096
11560
11577
10571
11596
10590
11070
10607
11606
10600
11080
11116
11580
10621
11599
10591
11602
11619
11126
11590
10633
10620
11100
10605
11139
11635
11603
11621
10630
11110
10648
10617
10658
10643
11155
11123
11619
10632
11662
11647
10642
10659
11139
11670
10680
11182
11646
11663
11683
10693
11190
11654
10664
11676
10686
11166
11203
11667
11685
10677
10694
11174
10714
11708
10707
11187
10698
11708
11228
11692
11725
10733
11729
10737
11723
10732
11212
11245
11709
10717
11249
11713
10721
11735
10761
10749
11229
11758
10753
11233
10775
10745
11755
11773
11278
11742
10788
11767
10759
11786
11293
11757
10782
11262
11793
10801
10772
11781
11306
11770
10797
11277
11793
11313
11777
10785
11810
10810
11290
10827
10817
11297
11330
10834
11794
11833
10811
11822
10834
11314
10818
11828
11847
11353
11817
10863
11367
11831
10857
11337
11850
11866
10874
10847
11860
11877
10871
11351
10887
11386
11850
10858
11397
11861
11879
11895
10871
10905
10890
11370
10901
11381
11879
10889
11900
16383
16383
16383
11909
10919
10935
11929
11437
16383
16383
16383
11939
11924
10949
10919
11449
11913
10941
11421
11459
11923
11956
10933
11943
10953
11433
10975
10963
11443
11476
11940
11957
11973
10983
10959
11970
10980
11460
11493
11989
11957
10967
11005
10997
11509
11477
11973
11018
12012
11997
10989
12019
11013
11493
12006
11030
11002
11532
11996
11539
12003
11014
12042
11036
11516
11052
12029
11043
11523
12041
12057
11562
12026
11036
11070
11080
11577
12041
11066
11546
12061
11054
12079
12082
12067
11064
11081
11561
11100
11599
12063
11602
12066
12101
11110
11084
12094
11103
11583
11106
11586
11123
11621
12085
11094
12104
12127
11139
11107
11125
11605
12119
11647
12143
12111
11123
12134
12156
11166
11151
11663
11631
12127
12145
12165
11174
11676
12140
11150
11167
11647
12163
11187
11685
12149
11158
11180
11660
12188
11171
12180
11189
11669
12203
11708
11212
12172
12215
12203
11723
12187
11212
11692
11196
11229
11233
11735
12199
12218
11227
11707
12235
11213
11217
11239
11719
12247
11755
12219
11262
12239
12241
12261
11767
12231
11259
11739
11277
11246
12273
12261
11781
12245
11271
11751
11290
11261
11793
11297
12257
11285
11765
11274
12286
12302
11297
11777
11281
12290
11314
12308
11822
12286
12305
11298
11828
12292
11337
12330
11326
11806
11332
11812
12340
12327
11351
11321
11850
12314
11860
12324
12343
12359
11335
11354
11834
11370
12354
11364
11844
11381
11879
12343
11354
12380
12371
12389
11365
11383
11863
11399
11900
12364
12389
12373
11383
11404
11884
16383
16383
16383
11924
11413
12423
12408
11433
16383
16383
16383
11443
11428
11908
12437
11943
12407
12424
11417
12450
11427
12436
11460
11957
12421
11447
11927
12449
11970
12434
11444
11461
11941
11477
12477
11474
11954
11493
11461
12486
12474
11997
12461
12484
11477
12006
12470
11516
11501
11981
12509
11523
12500
11510
11990
12521
11500
12029
12493
11507
12041
12505
11546
12523
11533
12013
12541
12547
11545
12537
12025
11561
11530
12061
12525
12067
12531
12551
11545
11565
12045
12574
11583
11586
11571
12051
12584
12569
12094
12558
11567
11570
11605
12599
12104
12568
12589
11598
12078
12597
11589
12614
12119
12583
11608
12088
11631
12625
12134
12598
11623
12103
12618
11647
11615
12145
12609
12643
11638
12118
12632
11660
11631
11649
12129
12163
12627
12660
11669
12651
11644
11667
12147
12180
12644
11653
12667
12683
11692
11684
12164
12682
12698
12203
11707
12667
11676
11719
12218
12682
11707
12187
11691
12701
12719
12721
12709
11703
11722
12202
11739
12239
12703
12241
12705
12741
12727
11751
11723
11743
12223
11745
12225
12261
11765
12725
11735
12745
12766
11777
12770
11765
12245
11749
12286
12750
12767
12785
11761
12290
12754
12775
11790
12270
11806
12305
12769
11794
12274
11812
12807
12798
11790
11809
12289
11796
12327
12823
12791
11834
12811
12818
12834
11844
11831
12343
12311
12807
11818
12354
12818
12851
11828
11847
12327
11863
12841
11858
12850
12338
12371
12835
12869
11847
11884
11875
12355
12389
11893
12853
12872
12888
11868
11893
12373
11877
12888
12872
16383
16383
16383
12916
11927
11912
12424
12911
16383
16383
16383
12929
12436
12900
11941
12918
11911
11928
12408
12449
12913
11954
11940
12420
11925
12934
12954
11953
12945
12433
11938
12964
12474
12938
11981
12484
12980
12948
11990
11978
12458
12972
11965
12978
11988
12500
12468
12964
11974
13003
12013
12993
12004
12484
13017
12025
12523
12987
11997
13031
12537
13001
12009
12027
12507
12045
13023
12051
12551
13015
12041
12521
13049
13034
12029
12035
12055
12535
12569
13033
13069
12078
13055
13059
13077
12088
12073
12553
12589
13053
12062
13075
12597
13061
12103
12072
13098
12093
12573
12101
12581
12118
12087
13096
13112
12618
13082
12129
13110
12102
12632
13096
12122
12602
13131
12113
12147
13124
12136
12616
12651
13147
13115
12131
12164
13146
13162
12155
12667
12635
13131
12148
12682
13146
12171
12651
12187
13181
13167
13189
13174
12186
12666
12202
12171
12701
13165
12709
13173
13207
12186
13195
12205
12685
12223
12225
12213
13205
12693
12727
13191
13225
12207
12209
12245
12231
12711
13225
12745
13209
13247
12229
13238
13255
12249
12729
12270
12767
13231
12274
13252
12775
13239
13278
12254
12271
12751
12289
12258
13268
12279
12759
13291
12798
13262
12273
13282
13298
12311
12811
13275
12302
12782
12818
13282
13299
12327
12295
13321
12315
12795
12322
12802
13330
12338
12311
12841
13305
13324
12850
13314
12322
12355
13352
12345
12825
13338
12354
12834
12339
13349
12373
12872
13368
13336
12357
12376
12888
12856
12392
13352
13370
13391
13383
12392
12872
12376
13375
16383
16383
16383
12420
12918
13414
13401
12415
16383
16383
16383
13425
12433
12404
12422
12934
12902
13398
13417
12945
13409
12417
12438
12918
13434
12458
13452
12449
12929
13458
13444
12468
12442
12972
13436
13473
12978
13442
12484
12452
13466
12476
12956
12993
13457
12482
12962
12468
12507
13487
13503
12497
12977
12521
13514
13499
12491
13023
13487
12535
12505
13034
13498
13515
12527
13007
13535
13521
13539
12519
12553
12538
13018
13055
13519
13538
13059
13555
13523
12537
12573
12559
13039
12563
13075
13043
13539
12581
13559
13576
12557
12579
13059
12565
13590
13096
13560
12602
13582
13585
13604
13110
13574
12600
13080
12616
12586
13124
13588
12614
13094
12600
13626
12635
13614
12628
13108
13626
13146
13610
12651
12619
13647
13654
12650
13130
12666
12635
13646
13167
13631
13174
13638
13655
12650
13675
12685
12671
13151
13685
12693
12678
13158
13195
13659
12669
13679
13684
13205
13669
12677
12711
13705
12699
13179
13700
12709
13189
13718
12695
13225
12729
13689
13732
13238
13702
13720
12729
13209
12713
12751
13252
13748
13716
12742
13222
12759
13737
12735
13762
12756
13268
13236
13732
12743
13754
12782
13282
13746
13763
13779
12772
13252
12795
12766
12786
13266
12802
13299
13763
12779
13804
13790
12786
12803
13283
12825
13802
13818
13324
13788
12834
13829
12809
13818
13338
13802
12828
13308
12818
13829
13349
13813
12856
12842
13322
13850
12853
13333
13847
13863
12872
12840
13370
13834
13383
13847
12856
13881
12874
13354
13871
12895
12887
13367
13865
13886
12879
16383
16383
16383
12918
13895
12905
13417
13914
16383
16383
16383
12929
13924
12902
13911
12921
13401
13434
13898
12913
13924
13444
13908
12938
13418
13946
12956
12962
12948
13428
13942
13466
13930
12940
13967
12977
12946
13961
12970
13450
13979
13487
13951
12961
13971
13499
13995
13963
12991
13471
13007
14001
13993
13018
13003
13515
13483
13979
12991
13521
13985
14018
14009
13002
13019
13499
13039
13025
13505
13538
14002
13043
14039
14028
13023
13042
13522
13059
13027
14036
13559
14023
14062
14065
13043
13063
13543
13080
14061
13582
14046
13585
14049
14066
13094
13064
13086
13566
14094
13089
13569
14082
13108
13078
14106
13614
14078
13092
13626
13130
14090
14107
13118
13598
14126
14113
14135
13130
13610
13114
13646
14110
13151
13158
13655
14119
14137
13150
13630
14159
13135
14164
13142
13159
13639
13179
14158
13679
14143
13684
14180
14148
13189
14166
13163
13183
13663
13188
14180
13700
13668
14164
13173
14200
13209
13204
13684
13222
14200
13720
14184
14217
13193
14210
13236
13206
13224
13704
13737
14201
14234
14243
13252
13220
13241
13721
13754
14218
14235
14241
13266
13763
14227
13236
13258
13738
14270
13250
13267
13747
13283
14282
14267
13790
14254
13267
14276
13802
14298
14266
13308
13294
13774
14309
14297
13306
13818
13786
13322
14282
13292
13829
13333
14293
14327
14312
13322
13802
13306
13333
13813
13317
13847
14311
13354
14331
14351
14340
13351
13831
13367
13338
14366
13871
14335
14353
14375
13351
13385
13886
14350
13375
13855
14375
14359
13369
13390
13870
16383
16383
16383
14404
13399
13911
13418
14397
16383
16383
16383
13924
13428
14388
14422
13415
13895
13402
14415
13428
13908
13412
13942
14406
14423
14441
13450
14451
14437
13446
13926
13961
14425
13434
13471
14449
13971
14435
13465
13945
14473
13483
13455
13475
13955
13993
14489
14457
13499
13467
14476
13505
13497
14009
13977
14473
14491
13483
14508
14497
13489
13522
14516
13513
13993
14028
14492
13506
14036
14500
13543
13532
14524
14012
14541
14546
13540
14020
13527
14539
14061
14525
13566
13569
14066
14562
14530
14548
13565
14045
13550
13553
13570
14082
14050
14546
14570
14587
13598
14593
13586
14066
14584
13610
14107
14571
13582
14113
14577
14601
14617
13594
13611
14091
13630
13617
14097
14610
13639
14137
14601
14638
13614
14625
14646
13623
13641
14121
14158
14622
13663
14643
14660
13668
14166
14630
13662
14142
13647
14180
13684
14644
13652
13670
14150
14680
14667
14690
13684
14164
13668
14200
13704
14664
14686
14210
14674
13704
14184
13688
13721
14715
14702
14721
13714
14194
13705
13738
14715
14235
14699
14241
14705
13747
14730
13722
13739
14219
14747
13745
14225
13731
14756
14267
14731
13774
14751
14753
14276
14740
14777
13786
13771
14251
13758
13780
14260
14792
14297
14761
13802
13770
14782
13813
14312
14776
13801
14281
14794
13786
14811
14820
13797
13831
13816
14296
14331
14795
14815
14833
14340
14804
13815
13835
14827
14315
13855
14353
14817
13844
14324
14855
14843
13870
13839
13857
14337
14853
14375
13879
14839
14877
13854
14868
13879
14359
13863
14861
16383
16383
16383
13908
14903
14889
13901
14415
16383
16383
16383
13892
14917
13926
14423
14887
14909
13919
14399
14929
14437
14901
13910
13927
14407
14921
13945
14449
14913
13955
13941
14421
14937
13929
14956
13953
14433
13939
14952
13977
14971
14476
14940
14977
13993
13961
14491
14955
13980
14460
14974
14497
14961
14979
13977
13995
14475
15004
14012
14001
14481
14020
15001
15019
14524
14988
13996
15028
14004
15016
14539
15003
14028
14508
14045
14050
14548
15012
15050
14043
14523
14029
15039
14066
14034
14052
14532
15046
15064
14570
15034
14050
15062
14584
15048
15081
14074
14554
14091
14097
15090
15079
14088
14568
14601
15065
14075
15105
14081
14610
15074
14105
15097
14585
14121
15105
14625
15089
14114
14594
15123
14105
14142
14129
14609
14643
15107
14150
15127
15147
14126
15137
14147
14627
14164
14134
14667
15131
15166
15156
14148
14184
14171
14651
14686
15182
15150
14194
14168
15177
15195
14190
14702
14670
15166
14178
15190
15210
14715
14219
15179
14206
14686
14225
15204
14730
15194
14219
14699
14203
15231
15233
14209
14234
14714
14251
15229
14751
15215
14753
15217
15234
14260
14235
15262
14255
14735
14257
15249
14737
14244
14281
15274
14782
15246
15267
14296
14265
14794
15258
14286
14766
15295
14280
14298
14778
15291
15307
14315
14815
15279
14324
15307
14827
15323
15291
14299
14319
14799
14337
14308
15333
15320
14331
14843
14811
15307
14321
15348
14853
15317
15334
14359
14347
14827
14868
15332
14357
14837
14343
15352
15369
14381
14372
14852
15367
15353
14365
16383
16383
16383
14407
14393
15401
15387
14909
16383
16383
16383
15397
14421
14391
14921
15417
15385
14413
14893
14433
14405
15432
14425
15417
14937
14905
15401
14417
14952
15416
14441
14921
14460
15438
15454
15459
15444
14456
14936
14475
14444
14974
15438
15457
14481
14979
15443
15481
14459
14478
14958
14465
14483
14963
15496
15481
15001
15465
14508
15016
15480
14505
14985
14523
14492
15501
15519
14532
15526
15511
14520
15000
14507
15039
15503
14516
15046
15542
15510
14554
15534
14543
15023
15541
14550
15062
15030
15526
15559
14568
14538
14566
15046
15079
15543
14552
15577
14585
15564
15585
14594
15571
14583
15063
15097
15561
14569
15105
14609
15569
14578
15607
14601
15081
15599
14609
15089
15617
14593
14627
15127
15591
15608
15137
15601
14611
15636
14631
15111
14651
15630
14641
15121
15156
15620
15657
15643
14635
14670
14660
15140
15670
15177
15641
15658
14686
14654
15684
15190
15654
15672
14681
15161
14699
14670
15204
15668
14694
15174
15687
14714
14683
15709
15714
14708
15188
14698
15229
15693
15711
14735
15729
14737
15234
15698
15721
14733
15213
14719
15249
15713
14721
14738
15218
15747
15739
14766
14753
15233
15267
15731
14778
15771
15757
14750
14771
15251
15766
14762
15291
15787
15755
14799
15778
15800
14795
15307
15275
14811
15771
14783
15814
15320
15784
15801
14811
15291
14827
14795
15813
14837
15334
15798
14824
15304
15832
14811
14852
14821
14838
15318
15847
15352
15816
15838
14836
15367
15831
14856
15336
14873
15867
15854
15859
14871
15351
14857
15851
16383
16383
16383
15876
15397
15897
14905
14891
16383
16383
16383
15889
14901
15381
15417
14921
15881
14889
15918
15907
15924
14936
14921
15401
14905
15438
15902
15937
15923
15444
15908
14920
14942
15422
14958
15457
15921
14963
14948
15428
15961
14942
15951
14961
15441
14947
15960
15481
14985
15945
15981
15971
15991
15000
14985
15465
14969
15501
15965
15511
15975
14984
15005
15997
15485
16014
15023
16021
15030
15015
15495
16013
15534
15998
15007
15541
16005
15046
15014
16044
16029
15038
15518
16051
15045
15525
15030
15063
16041
15564
16028
15571
16035
15047
16056
15081
15068
15548
16079
15089
15075
15555
16071
16088
15065
15599
16063
15073
15111
16088
15608
16072
16110
15103
15583
15121
16102
15095
15112
15592
16123
15630
16094
15105
15140
16138
15643
16107
15134
16126
15614
15124
16152
16137
15161
15658
16122
15147
15627
16147
15174
16167
15672
16136
15145
15162
15642
15188
15158
15687
16151
15176
15656
16171
16191
15172
16182
15191
15671
16201
15213
15711
16175
15218
16198
15721
16185
16219
15197
15215
15695
15233
15202
15225
15705
15739
16203
16237
16223
15217
15251
16246
16233
15243
15723
15757
16221
16242
16258
15235
15766
16230
15275
15261
15741
15778
16242
15270
16262
15750
16281
15291
15259
15282
15762
16293
16280
15304
15801
16265
15275
15813
16277
15318
16295
15288
15305
15785
16318
16305
15317
15797
15302
15336
15838
16334
16302
16322
16339
15351
15320
15342
15854
15822
16318
15859
16323
16356
15335
16345
15371
15358
15838
15363
16355
15843
16340
15355
16383
16383
16383
15889
15380
15401
16383
16383
16383
16383
16383
15393
15873
15907
15385
15422
16383
16383
16383
15411
15923
15891
15428
15406
16383
16383
16383
15441
15427
15907
15412
15951
16383
16383
16383
15425
15960
15465
15455
15935
16383
16383
16383
15971
15464
15944
15449
15485
16383
16383
16383
15475
15955
15495
15997
15469
16383
16383
16383
15479
15501
16013
15981
15518
16383
16383
16383
15525
15517
16029
15997
15502
16383
16383
16383
15509
16041
15548
15533
16013
16383
16383
16383
15555
16056
15545
16025
15532
16383
16383
16383
15539
16071
15560
16040
15583
16383
16383
16383
15575
16055
16088
15592
15567
16383
16383
16383
16102
15592
16072
15576
15614
16383
16383
16383
15606
16086
15627
16126
15598
16383
16383
16383
16137
15642
15611
15630
16110
16383
16383
16383
16147
15656
15641
16121
15626
16383
16383
16383
15651
16131
15671
15640
16171
16383
16383
16383
16182
15655
15675
16155
15695
16383
16383
16383
15686
16198
16166
15705
15679
16383
16383
16383
15702
16182
15689
15723
16223
16383
16383
16383
16233
15707
15741
15727
16207
16383
16383
16383
16242
15750
15737
16217
15725
16383
16383
16383
15746
16226
15762
16262
15734
16383
16383
16383
15746
15766
16246
16280
15785
16383
16383
16383
15797
16295
15784
16264
15769
16383
16383
16383
16305
15781
15799
16279
15822
16383
16383
16383
15809
16289
16322
15838
15806
16383
16383
16383
15826
16306
15843
16345
15822
16383
16383
16383
16355
15827
15860
15849
16329
16383
16383
16383
15859
16339
15844
16383
16383
16383
16383
16383